[app/ui]
version = 6.6.1
modtime = 1500302486.203297000

[app/launcher]
version = 6.6.1
modtime = 1500302486.204609000
